Vessel Name: DLD1_NuclightRED_BRCA2ko_2k4k_CX5461
Metric: Red Image Mean
Cell Type: DLD1 NuclightRED
Passage: 15
Notes: 

Date Time	Elapsed	B2	C2	D2	E2	F2	G2	B3	C3	D3	E3	F3	G3	B4	C4	D4	E4	F4	G4	B5	C5	D5	E5	F5	G5	B6	C6	D6	E6	F6	G6	B7	C7	D7	E7	F7	G7	B8	C8	D8	E8	F8	G8	B9	C9	D9	E9	F9	G9	B10	C10	D10	E10	F10	G10	B11	C11	D11	E11	F11	G11
2022-05-07 2:00:00 AM	0	3.56875	3.34705	3.345375	3.283325	4.50805	4.55575	3.4618	3.41995	3.23665	3.22435	4.3895	4.3627	3.365675	3.3989	3.2155	3.253775	4.474175	4.4521	3.52335	3.488275	3.319525	3.18625	4.310625	4.3826	3.4631	3.4804	3.261525	3.171675	4.37155	4.4198	3.4832	3.33365	3.296125	3.2101	4.34685	4.37395	3.54295	3.469775	3.308425	3.1166	4.39955	4.3735	3.4134	3.695	3.463075	3.132975	4.362175	4.45175	3.471425	3.63815	3.30735	3.0695	4.3129	4.4404	3.457125	3.44915	3.38895	3.1686	4.370775	4.55095
2022-05-07 6:00:00 AM	4	3.55975	3.262475	3.23525	3.159675	4.702925	4.603125	3.450775	3.34095	3.119175	3.099225	4.573525	4.3939	3.358775	3.33155	3.123225	3.137625	4.6596	4.49135	3.53265	3.4267	3.212625	3.084775	4.484725	4.418525	3.482	3.39825	3.192375	3.077475	4.5722	4.463175	3.439175	3.25815	3.202325	2.93595	4.4792	4.3742	3.53055	3.4032	3.210425	2.83925	4.529325	4.383625	3.36605	3.51885	3.3505	2.8565	4.506725	4.49785	3.440925	3.425625	3.227	2.7923	4.44855	4.458625	3.4126	3.397175	3.3032	2.897825	4.53265	4.578225
2022-05-07 10:00:00 AM	8	3.6784	3.2084	3.085525	3.015575	5.0192	4.628375	3.551275	3.311675	2.983575	2.9675	4.86455	4.4032	3.4451	3.28785	2.99575	3.01715	4.985575	4.500425	3.64985	3.3782	3.0705	2.97145	4.7919	4.44255	3.59545	3.3411	3.070575	2.97245	4.879825	4.487925	3.47745	3.183975	3.050975	2.791625	4.6898	4.3258	3.574025	3.334925	3.05285	2.703125	4.732	4.33375	3.398975	3.377425	3.174925	2.708875	4.722125	4.42685	3.4862	3.285675	3.047825	2.6538	4.656325	4.394475	3.45305	3.334525	3.13425	2.74825	4.760825	4.5216
2022-05-07 2:00:00 PM	12	3.836	3.186725	2.953875	2.86265	5.405975	4.693275	3.701975	3.30605	2.858225	2.81335	5.256925	4.4764	3.572225	3.278675	2.886025	2.85935	5.371125	4.560625	3.809375	3.372975	2.93695	2.830075	5.1666	4.51	3.7739	3.334875	2.952475	2.80885	5.25925	4.552325	3.58095	3.116925	2.9047	2.739875	4.964475	4.2798	3.68605	3.280575	2.916675	2.655	5.01555	4.28415	3.487625	3.2837	3.014625	2.655425	5.02085	4.3805	3.58365	3.206525	2.894025	2.598125	4.953675	4.3662	3.540425	3.279725	2.9876	2.706825	5.081225	4.49085
2022-05-07 6:00:00 PM	16	4.0158	3.195925	2.853025	2.73175	5.826675	4.801675	3.88095	3.33215	2.7565	2.68265	5.682225	4.59445	3.7295	3.298725	2.793575	2.73515	5.82835	4.687025	3.9947	3.387925	2.83615	2.70915	5.593475	4.64025	3.970675	3.3495	2.868125	2.689025	5.708125	4.69725	3.680375	3.07785	2.796625	2.720075	5.245975	4.263875	3.805275	3.238275	2.799975	2.6353	5.302425	4.273975	3.58815	3.230825	2.88675	2.63505	5.337875	4.372325	3.690675	3.153025	2.778625	2.57515	5.2553	4.36265	3.641425	3.238	2.865275	2.691075	5.396325	4.495325
2022-05-07 10:00:00 PM	20	4.225475	3.2294	2.8033	2.65355	6.3427	4.9827	4.09775	3.3993	2.69865	2.601625	6.1516	4.7598	3.92295	3.352425	2.73995	2.663625	6.34785	4.867225	4.23145	3.4575	2.781775	2.6386	6.06285	4.826575	4.2047	3.406725	2.808725	2.616	6.20025	4.877425	3.798525	3.076475	2.73955	2.71385	5.56855	4.323275	3.93955	3.2427	2.73815	2.6259	5.60985	4.338925	3.718475	3.230225	2.8215	2.626275	5.68165	4.428925	3.841125	3.146575	2.717925	2.569875	5.567675	4.42945	3.7646	3.237375	2.8093	2.6904	5.71935	4.596675
2022-05-08 2:00:00 AM	24	4.48515	3.285125	2.794925	2.600625	6.973975	5.144675	4.3713	3.461875	2.673175	2.562625	6.7738	4.925275	4.169725	3.438175	2.720625	2.627075	7.01205	5.089575	4.5213	3.5234	2.737875	2.59805	6.684525	5.02835	4.49565	3.48405	2.7961	2.572825	6.814575	5.08125	3.936825	3.091425	2.728075	2.69845	5.914525	4.44905	4.0909	3.282975	2.71695	2.6127	5.962425	4.47625	3.862775	3.264275	2.8078	2.610375	6.0756	4.56715	3.97905	3.17585	2.701525	2.5566	5.927175	4.565275	3.9109	3.2763	2.799225	2.6871	6.117275	4.750675
2022-05-08 6:00:00 AM	28	4.878275	3.3419	2.805475	2.5857	7.774675	5.30925	4.728075	3.537025	2.692275	2.56255	7.55055	5.10455	4.512925	3.50315	2.746125	2.61715	7.8554	5.28245	4.89355	3.58405	2.792325	2.593	7.461825	5.192675	4.8691	3.564725	2.822025	2.561025	7.58635	5.253125	4.11285	3.12835	2.749975	2.694075	6.3809	4.599425	4.28545	3.33285	2.7316	2.609425	6.421925	4.623125	4.051575	3.3141	2.82505	2.60725	6.56295	4.69505	4.1786	3.21725	2.71325	2.54165	6.39225	4.727675	4.0854	3.33605	2.823	2.678825	6.60645	4.930625
2022-05-08 10:00:00 AM	32	5.284	3.367925	2.83545	2.564475	8.655125	5.418175	5.12405	3.5801	2.703625	2.545075	8.4412	5.21455	4.88915	3.535875	2.747825	2.597325	8.790625	5.38005	5.31475	3.613275	2.7766	2.569225	8.31375	5.29685	5.303575	3.58775	2.833875	2.546475	8.459475	5.378275	4.3261	3.13545	2.754225	2.675775	6.936725	4.68885	4.5016	3.361725	2.745525	2.592775	6.997375	4.68845	4.2564	3.3389	2.8286	2.58135	7.126275	4.75135	4.421625	3.231775	2.7204	2.517275	6.95585	4.80595	4.324	3.3595	2.840225	2.667925	7.19145	4.9914
2022-05-08 2:00:00 PM	36	5.8029	3.37085	2.805075	2.548375	9.7048	5.547975	5.60785	3.60195	2.69295	2.526	9.436	5.3011	5.34125	3.559825	2.75095	2.5729	9.851225	5.50595	5.827675	3.637575	2.8068	2.557375	9.29945	5.404775	5.8108	3.599275	2.8191	2.532	9.465075	5.490225	4.599475	3.11985	2.752	2.653675	7.584375	4.700525	4.795375	3.33585	2.735175	2.564725	7.627825	4.68075	4.534875	3.321175	2.816825	2.5608	7.78055	4.726125	4.71325	3.206825	2.692025	2.48725	7.64415	4.78055	4.604475	3.3546	2.834625	2.65165	7.880675	4.98715
2022-05-08 6:00:00 PM	40	6.384025	3.367325	2.780125	2.51945	10.94983	5.7228	6.18475	3.644475	2.6646	2.4951	10.6285	5.44415	5.893375	3.5699	2.720775	2.545625	11.182	5.64695	6.44005	3.670825	2.7394	2.5325	10.53195	5.5271	6.42805	3.608875	2.794225	2.50265	10.67925	5.65925	4.9032	3.07855	2.72785	2.62705	8.28815	4.62775	5.123625	3.290175	2.7101	2.539325	8.384125	4.585325	4.845	3.2474	2.795775	2.529	8.5254	4.644825	5.026625	3.150075	2.6671	2.457525	8.3646	4.72565	4.907275	3.312175	2.80785	2.616375	8.66525	4.91055
2022-05-08 10:00:00 PM	44	7.12355	3.401225	2.73595	2.500775	12.429	5.943075	6.869475	3.685225	2.616325	2.46415	12.0735	5.6686	6.540775	3.6244	2.68135	2.518625	12.6745	5.888075	7.198075	3.73315	2.72355	2.506125	11.8975	5.719275	7.1825	3.655375	2.749175	2.482825	12.08525	5.88975	5.2567	3.021175	2.67915	2.5937	9.10785	4.543375	5.513425	3.22005	2.6663	2.5097	9.20265	4.481675	5.191775	3.16415	2.749225	2.49585	9.37625	4.547225	5.3933	3.086975	2.630825	2.432975	9.227925	4.639275	5.269725	3.24295	2.769025	2.590375	9.581249	4.87395
2022-05-09 2:00:00 AM	48	7.940125	3.43625	2.66745	2.462	14.04525	6.234225	7.652	3.771625	2.56315	2.423425	13.65075	5.943625	7.288725	3.686575	2.61885	2.479225	14.318	6.1594	7.99345	3.80985	2.6687	2.470775	13.46225	5.977075	7.99515	3.7372	2.686775	2.43365	13.648	6.1729	5.6827	2.96845	2.623775	2.55305	10.10433	4.513675	5.959025	3.1711	2.616075	2.4705	10.26488	4.433775	5.598675	3.1007	2.695425	2.458325	10.4189	4.5158	5.812175	3.0298	2.579775	2.39015	10.22515	4.6088	5.743925	3.1911	2.701875	2.546825	10.66	4.883925
2022-05-09 6:00:00 AM	52	8.860275	3.516225	2.630825	2.4223	15.84025	6.585275	8.514625	3.91115	2.51655	2.385275	15.42225	6.235575	8.136675	3.78975	2.5575	2.43695	16.1775	6.509	8.943425	3.924175	2.589675	2.43325	15.119	6.277725	8.915825	3.823375	2.63275	2.3943	15.375	6.532625	6.1959	2.94705	2.5785	2.51475	11.26125	4.55815	6.498325	3.1465	2.5668	2.4341	11.4	4.4757	6.0909	3.07235	2.64635	2.421525	11.58725	4.587925	6.316125	2.987275	2.5378	2.357325	11.40425	4.624225	6.2789	3.156025	2.6505	2.507	11.8635	4.985625
2022-05-09 10:00:00 AM	56	10.00138	3.625375	2.5908	2.4018	17.743	6.966325	9.542725	4.041725	2.4817	2.355775	17.36525	6.63145	9.133175	3.915725	2.533525	2.40065	18.11525	6.879425	10.06958	4.073675	2.576825	2.40085	16.966	6.654675	10.03502	3.968725	2.598975	2.36405	17.3265	6.949925	6.78875	2.950925	2.530825	2.481825	12.47325	4.66135	7.10035	3.14685	2.5239	2.398575	12.63125	4.56195	6.63085	3.07455	2.603	2.391725	12.80625	4.689475	6.915175	2.978525	2.5084	2.33195	12.6355	4.7302	6.8756	3.163875	2.6171	2.480875	13.14625	5.1186
2022-05-09 2:00:00 PM	60	11.245	3.745	2.571725	2.361125	19.75775	7.432825	10.75173	4.217875	2.44235	2.322925	19.308	7.04055	10.25815	4.061925	2.489025	2.369075	20.15525	7.308825	11.329	4.212325	2.511125	2.364725	18.93325	7.0649	11.33543	4.109675	2.5641	2.33065	19.2635	7.416675	7.41715	2.967025	2.495775	2.445525	13.7265	4.7581	7.764975	3.16195	2.492925	2.36175	13.90125	4.675275	7.258325	3.07585	2.56375	2.35465	14.0985	4.818925	7.565575	2.97915	2.465975	2.299375	13.8595	4.829775	7.53635	3.1686	2.580725	2.445825	14.49	5.26135
2022-05-09 6:00:00 PM	64	12.8765	3.971025	2.6116	2.4326	21.8825	8.058825	12.28325	4.52655	2.51835	2.398875	21.5155	7.6681	11.71	4.3208	2.572175	2.44245	22.45425	7.9377	12.92625	4.47595	2.61515	2.419975	21.14075	7.6941	12.95275	4.37585	2.6184	2.389525	21.48375	8.062125	8.2136	3.054975	2.5444	2.49365	15.3585	5.010425	8.58875	3.2584	2.5467	2.41745	15.53525	4.89345	8.0554	3.1059	2.5859	2.3881	15.714	5.044325	8.420825	3.021175	2.4635	2.314875	15.41725	5.056775	8.36605	3.2716	2.6143	2.461825	16.07025	5.5309
2022-05-09 10:00:00 PM	68	14.46475	4.087625	2.551275	2.3679	23.26825	8.583099	13.71475	4.692375	2.457	2.3356	23.16575	8.163651	13.122	4.46485	2.496475	2.369175	24.05175	8.41825	14.4505	4.62045	2.5446	2.362525	22.712	8.188601	14.48175	4.5452	2.54875	2.325975	22.9035	8.591325	9.08585	3.033225	2.4806	2.431125	16.62175	5.101825	9.44975	3.2363	2.479275	2.35175	16.756	4.959125	8.85645	3.12315	2.5527	2.330075	17.03475	5.13535	9.301125	3.018175	2.43345	2.2694	16.6925	5.187125	9.2664	3.264875	2.57605	2.40505	17.34675	5.692025
2022-05-10 2:00:00 AM	72	16.12175	4.2113	2.502425	2.31675	23.9385	9.13525	15.40175	4.901225	2.400825	2.281025	23.97625	8.5762	14.72425	4.627875	2.44245	2.324075	24.808	8.8706	16.21675	4.7941	2.473525	2.312925	23.536	8.65375	16.23025	4.750975	2.493725	2.276725	23.67025	9.081925	10.00362	3.02335	2.423575	2.37555	17.661	5.165925	10.358	3.226	2.42905	2.30705	17.703	5.00865	9.70085	3.116375	2.5006	2.2834	18.10775	5.2441	10.13925	3.00305	2.386925	2.224125	17.62675	5.264325	10.19275	3.26485	2.530125	2.355675	18.346	5.79145
2022-05-10 6:00:00 AM	76	18.2275	4.360475	2.4626	2.294475	23.9645	9.648624	17.27625	5.1476	2.3717	2.261725	24.44175	9.076375	16.513	4.838075	2.42325	2.294225	25.17075	9.351425	18.2165	5.041625	2.4669	2.2874	23.9015	9.1472	18.1435	4.963175	2.46085	2.252925	23.999	9.615075	11.0841	3.045	2.40365	2.34335	18.48975	5.32515	11.41893	3.25555	2.4071	2.275925	18.40025	5.1377	10.62895	3.1403	2.474475	2.255925	18.9065	5.3634	11.13825	3.0287	2.364775	2.210525	18.382	5.427125	11.21875	3.28385	2.50435	2.33595	19.02475	6.00915
2022-05-10 10:00:00 AM	80	20.00875	4.539125	2.45785	2.268925	23.09425	10.19955	19.099	5.37375	2.351725	2.238475	24.18875	9.553249	18.29875	5.0786	2.388175	2.26375	24.78225	9.851075	20.1145	5.279875	2.423325	2.254025	23.63	9.648425	20.05475	5.184925	2.442125	2.228525	23.34025	10.1151	12.12775	3.088275	2.380025	2.3154	18.89225	5.459625	12.47175	3.28515	2.38155	2.253675	18.88275	5.269375	11.6085	3.136725	2.448075	2.225775	19.351	5.514725	12.08875	3.0305	2.337275	2.19195	18.76675	5.58105	12.32975	3.2984	2.48515	2.313325	19.39	6.213675
2022-05-10 2:00:00 PM	84	22.14875	4.776875	2.4489	2.266925	22.7525	10.8111	21.136	5.699775	2.351075	2.2248	23.49375	10.22195	20.29825	5.359325	2.394925	2.2598	24.0655	10.44692	22.21525	5.62275	2.44975	2.2477	23.1515	10.25772	21.923	5.46435	2.43995	2.228225	22.702	10.73785	13.43075	3.130575	2.373375	2.29455	19.25925	5.68245	13.728	3.341775	2.369525	2.237175	19.11975	5.5074	12.763	3.19275	2.43835	2.222575	19.58925	5.745125	13.251	3.0847	2.332075	2.17915	18.9675	5.809175	13.54	3.358625	2.478125	2.2965	19.747	6.510075
