Vessel Name: DLD1_B18_CX5461_PDS_20220429
Metric: DLD1 NuclightRED B18 Count (Per Image)
Cell Type: DLD1 NuclightRED
Passage: 14
Notes: 
Analysis: DLD1 NuclightRED B18

Date Time	Elapsed	B2	C2	D2	E2	F2	G2	B3	C3	D3	E3	F3	G3	B4	C4	D4	E4	F4	G4	B5	C5	D5	E5	F5	G5	B6	C6	D6	E6	F6	G6	B7	C7	D7	E7	F7	G7	B8	C8	D8	E8	F8	G8	B9	C9	D9	E9	F9	G9	B10	C10	D10	E10	F10	G10	B11	C11	D11	E11	F11	G11
2022-04-29 8:00:00 PM	0	1285.5	1211.75	1187.75	1147.25	1137.25	1156.25	1193.25	1287	1251	1264.75	1302.5	1191.75	1194.5	1274	1191.75	1183.25	1221.25	1099	1079.25	1158.75	1090.5	1169.25	1279.5	1137.5	1201.5	1185.25	1131.5	1264.75	1228	1168	1085.5	1224	1148.5	1193	1238.25	1222	1134	1082.5	1107	1117.25	1206.5	1138	1173.75	1287.25	1163.5	1210.5	1223.25	1214.5	1244	1158.25	1262.75	1225	1203	1171	1154.5	1141.75	1198.75	1161	1172.25	1174
2022-04-29 10:00:00 PM	2	1375	1309.25	1261.25	1247.25	1234.75	1254.75	1294.75	1395.5	1348.75	1367.75	1410.25	1282.25	1277.75	1382.25	1292.25	1314	1339	1221.75	1203.75	1272	1184	1280	1407.25	1254.5	1349.75	1314.5	1220.75	1376.75	1342.5	1282.5	1211.5	1378.5	1226.5	1294.25	1374	1325.25	1254.5	1192.75	1212.25	1238.25	1311	1248.75	1273	1391.5	1252	1331	1324.75	1296.75	1182	1117.5	1376.75	1337.25	1272.75	1237.5	1104.25	1111.25	1293.75	1247.5	1238	1243
2022-04-30 12:00:00 AM	4	1422.75	1340.75	1267.5	1299	1288	1305	1353.75	1455.25	1344	1431.25	1471	1331	1368	1458.75	1298.25	1391.75	1407.5	1263.75	1294.75	1338	1219.5	1357.75	1463.25	1337.25	1438.5	1353.5	1261.5	1437.25	1418	1348	1307.25	1427.75	1268.75	1367.5	1441.25	1389	1325.5	1257	1233	1316	1389	1290.75	1330	1426	1270.25	1400.25	1398.5	1369.75	1140	1121	1450.5	1397.75	1351.75	1304	1085.25	1101	1372	1315.5	1309.25	1297.5
2022-04-30 2:00:00 AM	6	1511	1419.5	1300.25	1365	1361.25	1375.25	1427.75	1535.75	1379.25	1518	1552.5	1402.5	1462.5	1545.5	1350.25	1476.5	1509	1329.5	1374	1412.75	1245	1427.25	1525.25	1375.75	1488.75	1387.75	1267	1499.5	1465.5	1420.5	1330	1442.25	1270	1424	1493	1455.5	1365.75	1278	1239.75	1344	1422.5	1340.75	1396	1493	1287	1447.5	1469.75	1431.5	1106.25	1103.75	1505	1462.5	1422.75	1339	1073.75	1089.25	1419.25	1373	1373.5	1355.75
2022-04-30 4:00:00 AM	8	1587.5	1485.25	1326.75	1444.25	1423.5	1419.5	1520.25	1625.75	1419.5	1594.25	1623.5	1460.75	1532.5	1607.75	1368.75	1535.25	1558.25	1380	1447.5	1487.5	1282	1487	1598.5	1431.25	1570.25	1424.5	1283.25	1571	1533	1490	1405.25	1501.75	1282.25	1495.5	1553	1506.5	1442.5	1308	1254.25	1427	1513	1404	1489	1530.5	1292.5	1530.5	1566.75	1503.5	1102	1110.25	1567	1521.25	1464.5	1381.5	1053.25	1089.25	1484.25	1440	1411.25	1400.5
2022-04-30 6:00:00 AM	10	1692.5	1572	1341.25	1525.5	1508.75	1503.25	1596.75	1689.75	1433.75	1649.25	1715.25	1545.75	1607	1668.5	1390.25	1616.25	1626.25	1460.75	1517.25	1551.25	1306.75	1567.75	1711.5	1531	1682.5	1497.75	1300.5	1654	1612	1570.25	1507.75	1576.5	1317.75	1576.5	1640.75	1603	1561.25	1392.5	1294.5	1522.5	1611.25	1474.5	1561	1594.25	1305	1623.75	1636	1574.25	1080	1115.5	1672.5	1599	1526	1449.5	1048.5	1076	1562.25	1528.5	1473.5	1467.75
2022-04-30 8:00:00 AM	12	1850.5	1687.25	1368.25	1648.25	1648.25	1647.5	1745	1805.75	1473.5	1806.25	1874.5	1694	1753.75	1823.25	1421.5	1752	1810.5	1580	1639.25	1665.5	1337.75	1689.75	1826.75	1625.25	1784.25	1512	1310.5	1785	1685.5	1679.25	1595	1599.5	1303.25	1664.5	1768.75	1688.5	1635	1401	1303.75	1612.75	1715.25	1566.5	1672.25	1654.25	1315.5	1747	1772	1682.75	1061	1121.25	1804	1697	1600.25	1531.5	1030.5	1069.75	1696.75	1614.25	1568.5	1556
2022-04-30 10:00:00 AM	14	2030.75	1834.5	1388.5	1817.25	1789	1786	1905.25	1952	1499	1957.5	2028.25	1847.5	1952.25	1960	1443	1871.75	1916	1709.25	1780.5	1808.75	1360.25	1830.75	1954.25	1782.5	1922	1593.75	1325.75	1934	1824.25	1801.25	1750.5	1649.75	1316.25	1822.5	1911.25	1847	1774	1431.75	1309.25	1739	1881.25	1746	1838.5	1716	1326.75	1877.25	1928.5	1845	1054.5	1123.25	1943	1831.5	1696.25	1662	1023.75	1068.5	1859.5	1744.75	1678	1680.75
2022-04-30 12:00:00 PM	16	2219	2013	1408.5	1985.75	1949.5	1947	2043.25	2103.75	1510.75	2155.5	2236.75	2020.25	2086.25	2098	1468.5	2058.5	2075.5	1907.5	1956.25	1954.75	1387	2035.75	2202.75	1939	2081.75	1682.5	1342.75	2123.5	2022.5	1953.5	1908	1751.75	1323	2007.75	2116.5	2004	1915.5	1523.5	1337.75	1930.5	2087	1919.75	1970	1849	1340.75	2073	2093.25	2027.25	1033	1126	2147	2011.75	1857.25	1811.5	1020.25	1067.25	2044.25	1894.5	1815	1835.5
2022-04-30 2:00:00 PM	18	2433	2207.25	1428	2162.25	2156.75	2121.25	2255	2344.25	1539.75	2414	2455.5	2217	2312.75	2322.25	1479.25	2300.75	2308.5	2087	2119.5	2127.5	1400.75	2165.5	2340	2110.25	2301.25	1799.75	1353.25	2266.25	2244.75	2169.75	2072.25	1897.25	1332	2195.5	2309.5	2230.5	2115.25	1618	1337.75	2130.25	2220.75	2107.75	2200.75	1978.75	1343.75	2283.75	2318.75	2214.75	1020.5	1130.25	2362.5	2195.5	1998.5	1974	1003.25	1064.25	2243.5	2077.75	1992	1979.25
2022-04-30 4:00:00 PM	20	2652.5	2389.5	1446.5	2321	2313.75	2289.75	2456.75	2551	1550.5	2589	2671	2357.5	2512.75	2542.5	1508	2450.5	2484.25	2225	2342.25	2325.75	1414.75	2370	2572.5	2259	2486.5	1986.25	1359.5	2498.5	2409.5	2331.75	2263.25	2031.75	1338.25	2415.25	2489.5	2412.5	2292.5	1715	1343.75	2252	2449	2276.75	2361.5	2148.75	1354.5	2489.5	2494.5	2370.5	1009.25	1111.75	2529.25	2367.75	2140	2112	1000	1048	2386.5	2235.75	2114	2133.5
2022-04-30 6:00:00 PM	22	2800.25	2562.5	1467	2468.25	2466.5	2434.25	2603.75	2746.5	1593	2701	2804.5	2499.75	2745.25	2754.5	1530	2655	2640.5	2364.25	2493.75	2479.25	1434.75	2528.25	2713.5	2431.5	2631.5	2158.75	1371	2662.25	2595	2492.75	2417.25	2321	1365	2570.75	2699.25	2570.5	2495.25	1905.5	1374	2472.75	2680.5	2445.5	2511.25	2364.25	1359.5	2628	2654.75	2521.25	988.25	1122.75	2676.5	2516.75	2275.75	2197.5	986.75	1043	2534	2343.75	2235.5	2252
2022-04-30 8:00:00 PM	24	3002.5	2716.25	1520.75	2633.5	2628.25	2597.75	2794.75	2919.25	1625.5	2853.75	2986.25	2659	2880	2899.25	1561.75	2792	2774	2509.25	2663.25	2692.75	1480.25	2712	2858.25	2544.25	2831.25	2382.25	1373.75	2846.5	2683	2591.75	2579.25	2487	1355	2690.25	2791	2736.75	2602.5	2016.75	1374	2540	2829.25	2552.75	2680	2536.75	1366	2819.5	2795.25	2672.75	974	1115.75	2805.5	2662	2364.75	2299.5	971.75	1032.5	2669	2487.25	2331.25	2352.25
2022-04-30 10:00:00 PM	26	3151.75	2831.5	1562.25	2766	2748.25	2713.5	2953.25	3011.25	1671.5	3045.75	3133	2805.75	2991.75	2995.25	1587.25	2913	2949.25	2637	2757.25	2771.5	1526.75	2915.5	3034	2718	2973.5	2490.25	1386.75	2995.75	2871.25	2793.25	2759.5	2665.25	1380.25	2903.25	3030	2878	2785.5	2205.25	1382	2742.25	2966.25	2701.75	2839.25	2686.25	1377.5	2985.75	2934	2844.25	942.25	1103	2940	2787.25	2458.75	2392.5	958	1028.25	2746.75	2615.25	2457.25	2441
2022-05-01 12:00:00 AM	28	3345.25	3074.5	1628.75	2968.25	3017.5	2925.25	3143.25	3249.5	1750.25	3207.25	3321	3034.5	3158.5	3177.25	1654.5	3078.5	3172	2823.75	2979.25	3032.75	1587.5	3062.25	3218.75	2857.5	3124.5	2613.25	1391	3118	3089	2935	2852.5	2786	1369.75	3064	3158	3027.5	2901	2310	1378.75	2913.75	3097.5	2822.25	2982.75	2810	1386.25	3138.25	3110.25	2988.75	936.75	1104.75	3100.75	2952.5	2574.75	2490.5	948.75	1018	2908	2768.25	2544.75	2535.5
2022-05-01 2:00:00 AM	30	3611	3251	1698.25	3182.75	3131.5	3125.5	3391.5	3410.25	1809.75	3381.5	3525.75	3199	3407.5	3299.75	1702.75	3232.5	3355.75	3023.75	3139	3188.25	1655	3290	3467.5	3100.25	3386.75	2768.75	1407	3344.25	3260.75	3160.75	3129.25	2921.25	1376.75	3231.5	3422.5	3272.25	3178	2442.75	1396.5	3136.75	3321.25	3040	3206.5	2933.75	1385.5	3323.75	3320.5	3249	928.5	1101.75	3319.25	3105.25	2701	2594	936.75	1010	3146	2956	2685.25	2668.5
2022-05-01 4:00:00 AM	32	3850.75	3507.75	1806	3414.25	3481.75	3451.25	3747.75	3716.5	1915	3674	3839.25	3468.75	3670.25	3636	1807	3605.5	3625.5	3277.5	3372.5	3388.25	1725.75	3506	3654	3347.75	3585.25	2887.5	1416.25	3563.25	3488.75	3401.5	3300.75	3053.25	1370.75	3449.5	3695.75	3510	3334.25	2588.5	1395.5	3350.75	3533.25	3314.25	3462.75	3119.75	1389	3541.75	3596.5	3508	899	1092.75	3612.25	3292	2831.75	2733.25	934.25	997.75	3372.5	3179	2806.75	2806
2022-05-01 6:00:00 AM	34	4153.75	3818.5	1904.5	3742	3807.75	3737	4036.5	4043.5	2018.5	4067	4166.5	3786.25	4039.75	3993.75	1886.25	3970.25	3931.5	3567.75	3601.5	3644	1788.75	3752	3918.5	3594.5	3870	3066.25	1409	3909	3799.5	3673.5	3535.75	3195.5	1372	3775	4064.75	3883.25	3616.25	2683.75	1400.75	3565.5	3861.25	3627.5	3778.25	3320.5	1394	3911	3949	3878.75	896	1083.25	3924.75	3563.75	2994	2888.5	921.75	997	3650	3410	2968.25	2982.25
2022-05-01 8:00:00 AM	36	4426.5	4170.75	1989.25	4034.5	4051.5	4023	4353.75	4443.5	2094.75	4369	4442	4037	4255.5	4364.25	1998.75	4293	4203.75	3852.25	3890.5	3971.25	1884.5	4123.75	4332.5	3841.25	4257.5	3343.25	1427.5	4228.25	4042.75	4131.25	3839.75	3498.25	1392	4123	4491.5	4260.25	3955.75	2879	1414.5	4003.75	4193	3950.5	4069.75	3559.5	1388.75	4267.5	4247.75	4149.75	885	1078.5	4269	3896	3189.5	3074.25	916.75	989	3943.25	3728.25	3156	3181.75
2022-05-01 10:00:00 AM	38	4861.75	4477.25	2095	4335.25	4412.5	4373.5	4613.25	4786.5	2212.5	4708.75	4833.5	4449.75	4464.75	4620	2091.5	4716.25	4578.5	4214.25	4141.25	4260.5	1984.75	4422.5	4581.25	4199.25	4564.5	3586	1421.75	4361	4439	4481.25	4118.25	3681.5	1398.25	4356.5	4625.75	4606.5	4265.75	3019.75	1406.75	4148.5	4410.75	4244	4441	3860	1396.5	4607.5	4553.25	4655	872	1086.75	4618.25	4270.75	3406.75	3277.5	913.5	981.5	4288.25	3991.25	3373.75	3410
2022-05-01 12:00:00 PM	40	5168	4878	2198.5	4813.5	4705.5	4688	5047	5185	2309.25	4996.25	5135.75	4730.75	4850.75	4968.5	2190.75	4987.25	4711	4372.25	4462.75	4580.5	2064	4633.5	4758.25	4512.75	4772.75	3842.25	1429.75	4678	4740.25	4775.25	4378	4068.25	1400.75	4627.5	4859.5	4922.25	4562	3376.75	1413.5	4455.5	4732.5	4551.25	4837.5	4201	1405.75	4932.5	4820.75	4884.5	855.25	1064.5	4873.25	4583	3637.5	3529.25	894	981.5	4626.75	4368.25	3648.5	3653.25
2022-05-01 2:00:00 PM	42	5360.25	5111.25	2292.25	4976.25	4958.25	4937.75	5317.25	5372.5	2405	5177	5382.25	5034	5085.25	5112	2276.25	5080	5090.25	4714.5	4716.5	4587.5	2145	4918.75	5171.25	4809.5	4894	4161.25	1435.75	5067.25	5036.25	5133.75	4663.75	4361.5	1405.25	4930.75	5148.25	5151.5	4923.5	3648.25	1416	4830.25	5027	4878.25	5119.25	4529.75	1418.5	5147.25	5142.5	5127.5	850.5	1069.25	5130.75	4860.25	3875	3744.25	892.75	982	5084.75	4665.5	3876.25	3905.75
2022-05-01 4:00:00 PM	44	5609	5342	2380.5	5227.5	5260.5	5183.75	5544	5665.25	2503.25	5380.25	5624.5	5335.25	5416.25	5477.75	2372.75	5446.5	5278	4894.25	5137.25	4972.75	2224.75	5179.75	5372.5	5053	5424.5	4533	1461.75	5281.25	5320.75	5416.5	4869	4635.5	1408	5210.5	5442	5401.75	5113.25	3916.75	1429.25	5206.75	5345.25	5043.25	5395.75	4772.5	1436.5	5449.25	5387.5	5355.75	827.25	1068	5449.25	5174.25	4101.75	3957.75	879.5	976.75	5325.5	4986.25	4138.75	4090.75
2022-05-01 6:00:00 PM	46	5949.25	5654.75	2506.75	5457.5	5475	5420.25	5907.25	5993.5	2600.75	5646.25	5933.75	5616	5529.25	5653.75	2470.75	5668.5	5631.5	5193.25	5203.75	5086	2324.25	5350	5586.75	5248.25	5649	4782	1451	5335.5	5514.5	5583	5162.75	4709	1412.75	5333.75	5611	5584.25	5413.5	4084.75	1427.25	5159.5	5415.75	5337.75	5649.75	5039.5	1442.75	5733	5674	5624	822.5	1067.75	5635	5460	4294.25	4172	868	968.25	5598	5225.75	4325	4299.25
2022-05-01 8:00:00 PM	48	6191.25	5938.5	2595	5807	5817	5743	6076.5	6237.75	2731.5	5949	6171	5852.25	6011.75	5863.75	2565	5806.5	5746.25	5331.25	5127.75	5208.25	2408.75	5453.25	5659.25	5520	5830.5	5038	1472	5761.75	5707.25	5751.25	5283	5096	1421	5701.75	6015	5855	5634.25	4236.5	1450.5	5574.5	5794.5	5586.75	5924.25	5318.5	1452.75	6012	5928.25	5853.75	811.5	1075.5	5958	5690.75	4511.5	4343	868.25	963.5	5782.25	5453.5	4527.5	4519
2022-05-01 10:00:00 PM	50	6528.25	6267.5	2723.25	6062.25	5995	6055.5	6403	6489.5	2817.25	6209.25	6352.25	6151.5	6207	6089.75	2635.75	5945.5	5894	5728.5	5735.25	5460.75	2495.5	5933.5	6164.25	5945.5	6196.25	5073	1490	5850.5	6169.75	6103.25	5785.5	5374.5	1444.75	6016.5	6288.5	6187.75	6047	4546	1464	5987.5	6134.5	5884.25	6186	5585	1453	6285.25	6247.25	6152	806.5	1057.75	6168	5893.25	4698.75	4563.25	870	962	5993.25	5741.5	4728.5	4732.75
2022-05-02 12:00:00 AM	52	6823.25	6524.5	2853.5	6379.25	6320.25	6349.5	6640.5	6819.75	2950.25	6562.25	6817.25	6479.25	6708.25	6505.25	2754.25	6553.5	6102	6029.25	6018	5688.25	2621.5	6285.25	6394.75	6194	6599.25	5577.25	1478	6186.25	6302.75	6335	6246	5746.25	1469	6368.5	6570	6447.75	6319.5	4838	1450.75	6194.25	6228.75	6239.75	6602.75	5908.5	1452.5	6668	6586.25	6511.75	807.25	1058	6405	6152.25	4901.5	4745.5	848.25	957	6284	6053.5	4873.5	4897.25
2022-05-02 2:00:00 AM	54	7159	6859.25	3022.5	6673.5	6626.5	6633.5	6994.5	7142.5	3091.5	6921.25	7125.5	6695.75	6830	6742.5	2867.25	6825.75	6546	6203.75	6189.25	5953.25	2727.5	6377.25	6609.25	6394	6638.75	5679.5	1496.25	6677.75	6606.5	6675.5	6112.75	5921.75	1473.75	6714.75	6943	6772.5	6599	4792	1456.5	6038	6626.5	6537	6845.75	6250.75	1476.25	6891.75	6899.75	6801.5	798.5	1058.75	6689.75	6424.5	5146.75	4925	839.25	947	6499	6172.75	5148.25	5114.5
2022-05-02 4:00:00 AM	56	7370	7125	3133	6984.75	6907	6974	7327	7430.75	3258.75	7191.75	7381	6979.25	6804.25	7097.25	3008.25	7013	6767.5	6349.25	6529.75	6143	2886.75	6717.25	6993.5	6593	7119.5	6159.25	1503	6721.75	6911.5	6800.25	6501.25	6119.25	1474.5	6977	7121.25	7013	6797	5153.75	1478.5	6580	7033.25	6759	7151.25	6487.5	1483.25	7230	7236.5	7071	788	1056	6921.5	6645.75	5299.5	5137.25	847.25	940	6773.75	6466.5	5340.75	5329
2022-05-02 6:00:00 AM	58	7745.75	7468.75	3315.5	7267.75	7190.25	7227	7588.25	7794.25	3419.5	7533.5	7734.75	7228.25	7198	7344.75	3196.25	7423	7192.75	6962.5	6502	6489.25	2964.5	6912.75	7041.5	6813.75	7085.75	6082.25	1522.25	7237.75	7172	7120.5	6768.75	6369.25	1483.75	7198.5	7449.5	7219.75	7125.75	5689.75	1486	6700	7265.5	7095.75	7411.75	6942.5	1495.5	7461.75	7502.25	7325	783.75	1037.5	7161	6813.75	5554.5	5332.25	827.75	926.75	6887.75	6649.25	5562.25	5569.75
2022-05-02 8:00:00 AM	60	7901.25	7680.25	3489.5	7481	7439.25	7498	7821.25	7929	3562.25	7635.75	7918.25	7422	7360.25	7300	3294.75	7735	7277.75	6993.25	6606.5	6172.5	3073	6864	7315	7155	7405	6628.5	1534	7499.75	7428.75	7306.75	7288.75	6874.5	1510.25	7599.5	7759.5	7487.5	7533.5	6012.25	1509	6990.75	7438	7314.75	7721.75	7304	1515	7795.75	7741.5	7543.5	784.75	1041.75	7311	7012.5	5763.25	5579.75	821.75	925.75	7122	6898	5797.75	5807.25
2022-05-02 10:00:00 AM	62	8235	7974.5	3645	7753.5	7695.5	7776.75	8102	8322	3697.25	7865	8207	7670.25	7777	7673.5	3450	7619.75	7488	7048.5	7468.25	7481.75	3313	7572.25	7689.25	7463	7720.75	6982.75	1548.5	7504.25	7869.25	7539.5	7344.25	6934.25	1514.5	7814.5	8077.25	7673	7750.5	6050.75	1494.25	6941.25	7481.25	7488.75	7984.25	7503.75	1521.25	8082.25	7979.5	7763.5	765.75	1035.5	7493.25	7237.75	5980.75	5815.25	822.75	922.5	7333.25	6971.75	6020.75	6022.5
2022-05-02 12:00:00 PM	64	8491.25	8287	3802.75	8028.5	7982	8063	8447.5	8563	3906.5	8231.25	8423.5	8077	8120.25	8177	3698.5	8145	7882.25	7629.25	7268.75	7266.25	3454.5	7159.25	7551.25	7687.5	7555.5	6750.25	1545.75	7756.75	7907	7724	7525.5	7121.75	1534.75	7904.25	8129.25	7858.5	7915.25	6386.75	1523.25	7643.25	8003.5	7691.75	8239.5	7846.25	1559	8324.25	8293.5	7964.75	749.5	1034	7720.25	7464.5	6158	6037	803	928.25	7425	7116.75	6189.75	6223
2022-05-02 2:00:00 PM	66	8741.75	8575.75	3941	8266.75	8204.25	8310	8654	8728.75	3988	8459.5	8734.25	8176.5	7732.75	8275.25	3780.75	7900.75	8107.5	7770	7753	7411.75	3544.25	7876.75	7884	8053.75	7870	7080.75	1577	7903.5	8093.75	7933	7601.75	7634.25	1541.5	8286.75	8549.75	8010.5	8001.5	6674	1536	7738	8335.75	7889	8596	8056.25	1565	8581.5	8581.25	8168.25	744.25	1025	7822.75	7591.25	6301.5	6251.25	811.75	920	7620	7322.5	6341.25	6397.5
2022-05-02 4:00:00 PM	68	9091.25	8820	4104.75	8575.25	8538.5	8574.5	8951.75	8969	4102.75	8568.5	8849.25	8453.25	7966.5	7956	3817.25	8283.5	8101	7680.75	7551.5	6688.25	3611.75	7758.25	8171.5	8087	8231	7181	1562.75	8492.75	8367.25	7984.5	7088.5	7473.5	1564.5	8370.25	8658.75	8277	8530	7080	1552	7337.25	8321.75	8126.5	8857.25	8321.75	1602.25	8831.5	8896	8371	740.5	1042.25	7945	7770.75	6504.75	6382	799	919.25	7741.75	7477.5	6536.5	6606
2022-05-02 6:00:00 PM	70	9320.5	9062	4280.5	8822	8854.75	8886.25	9224.75	9395.5	4283.75	9045.75	9208	8822.75	8619	8324	3993.75	8844.75	8302.25	8098.25	6823.25	7051.25	3700.5	7820.25	7973	8049.5	8366.25	7589.5	1570.5	8480	8332.75	8023.75	8277	8017.75	1569	8637.75	8885.25	8467.75	8869	7186.5	1554.25	8546.25	8757	8304.5	9152.5	8494	1617.75	9017.75	9157.25	8552.75	734.75	1036.5	8141.75	7945.25	6650.75	6550.5	785.5	899	7900.5	7655.75	6612	6737.5
2022-05-02 8:00:00 PM	72	9613.5	9255	4400.25	9110.25	9069.75	9084	9446	9631.5	4462	9155.25	9470	9079.5	8697.25	8361	4129	9031	8428.75	8368	7422.5	7214	3760.25	8056.5	8333.75	8492.75	8958	8140	1584.75	8446.75	8815	8515.75	8363.75	7892	1593	8445	8989.75	8548.25	8742	7116.5	1560.25	8730.5	8989.75	8427.75	9160.75	8633.75	1610.75	9294.25	9385.75	8701.5	712.5	1030.5	8262.5	8099.25	6783.25	6672	788.75	894.25	8019.75	7840.25	6787.75	6841.75
2022-05-02 10:00:00 PM	74	9872.75	9618.75	4608.75	9420.5	9441.25	9345.5	9801.5	9934.75	4663	9431.25	9651.25	9279	9186.5	9276.5	4410.75	8866.25	9055.75	8845.5	8035.75	7847.75	3958.75	7965.5	7979.5	8498	9074.25	8278.75	1596.25	7889.5	9282.5	8612.25	8246	7912.5	1617.5	9049.5	9472.5	8859.25	8919.5	7452.5	1587.75	9132	9192	8607	9522.5	9031	1641	9560.75	9607.75	8935.75	716.25	1019	8467.25	8219.5	6846	6763.75	780.5	894.75	8190.5	8010.5	6886.25	6962.75
2022-05-03 12:00:00 AM	76	10114.5	9760.25	4791.5	9644	9628.75	9571	9922.25	10097.5	4810.5	9693	9989.25	9511	9310	9373.5	4491.5	8528	9031.5	8558.75	6961.25	7097.25	4080.75	8538.25	8908.25	8739.25	8225.25	7920.75	1594.25	7782.5	9170.5	8468.5	8995.75	8215	1624.75	9183	9449.75	9026.75	8793.75	7349.5	1573	8052.75	9270.5	8908.5	9892.5	9298.5	1687.25	9811.25	9917.5	9099	704.75	1023.25	8583	8396.5	6936.5	6871.25	774.75	875.75	8303.5	8182.75	6961.5	7058
2022-05-03 2:00:00 AM	78	10262.5	9932.5	4961.75	9789.75	9826.25	9759.75	10132.75	10322.75	5039.75	9642	10035	9678.25	9457.5	9177.5	4758.25	9654.25	8370	8892.5	7775.5	7424	4207.5	8375.75	9031.75	9231	9239.25	8389.5	1616.75	9319	9539.75	9016.75	8903.25	8407	1631.25	9358.5	9657	9051.75	9689.25	8071.5	1630.5	9361	9726.5	9022.5	10118.25	9543.5	1699.25	10095.25	10098.75	9333	709.25	1035	8804	8562	7044.75	6998.75	777.75	882.75	8482	8308.25	7087.75	7153.25
2022-05-03 4:00:00 AM	80	10537.75	10213	5128	10035.5	10049.75	9999	10441	10578	5189.75	10155.75	10328.25	9968.5	9883	9912.25	4979.25	10120.75	9406	9352.75	8021.75	7768.75	4341	8556	9099	9261.5	8659.5	8234.5	1624.25	9624.75	9746.25	9115.25	9025	8643.25	1617	9419	9751	9298.5	9224.25	8035.5	1628.25	9583.25	10007.25	9144	10363.75	9692.25	1733	10273.75	10292	9488.75	693	1038.25	8885.75	8673.25	7100.5	7064	774.25	888.5	8653.5	8448	7159.25	7258
2022-05-03 6:00:00 AM	82	10693	10461.5	5335.5	10232.75	10246.75	10191.75	10567.5	10781.75	5398.25	10259.25	10471	10083.25	9873.25	9216.75	4930.75	10083	9173	9252.75	7928.5	7785.25	4444	8608.5	8797.75	9115.5	8472.5	8045.25	1664.25	9879.5	9534.5	9320.25	9350.5	8374	1658.25	9853.75	9997.25	9500	9175.5	7830.5	1592.25	8348.25	10045.25	9342.5	10449	9894	1745.5	10458.5	10526	9614.75	686.75	1034.75	9053.25	8841.25	7168.5	7156.75	759.5	872	8850	8606.25	7192.25	7297.5
2022-05-03 8:00:00 AM	84	10851.75	10634	5484.25	10376	10449.25	10328.75	10615	10726.5	5400.75	10389.75	10664.25	10189.5	8401.5	9178.25	4890	8630	9565	9600.5	8402.75	8232.75	4833.5	9816.75	9803.75	9630	10122	9359.25	1667	9870.5	10225.25	9552	9958.5	9418.25	1701.25	10112.75	10383.25	9692.75	10382.75	8491.75	1643.75	9560.75	10127.25	9630.25	10725.25	10099.5	1780.25	10696	10670.75	9812.75	683	1056.5	9157.75	8984.5	7236	7176.25	770.5	870	8888.5	8705.75	7267	7324
2022-05-03 10:00:00 AM	86	10969.5	10786	5647.5	10553.75	10639.25	10512.5	10914.75	11025.75	5719.5	10479.5	10740	10404.75	9808	9972	5305.75	9929.75	9971.25	9782.25	8876.75	8837.75	4839.5	8916	9508.5	9430.25	9487.5	8993	1641.5	9805.5	10030.5	9544.75	8923.5	9521.5	1676.5	9941.25	10442.25	9787.25	10066.75	9059.5	1670	9781.5	9979.75	9706.75	10774	10217.5	1774.5	10759	10753.25	9883	677.25	1077.25	9229.5	9104.25	7252.5	7271.5	761.25	868.75	8991	8845	7326.5	7380.25
2022-05-03 12:00:00 PM	88	11089.5	10937.75	5735	10627	10726.75	10620	10960.25	11112	5791.25	10514.25	10934.5	10485.75	10095.75	9597.25	5292	9240.75	9215.75	9228.25	8871	7970.75	4791.75	8453.5	9003.5	9669.75	8845.75	8877	1669.75	9594	10168.5	9812.5	8302	9045.5	1703	10087.25	10451.5	9806.75	9127.5	7674	1634.25	8238.75	9147	9796.5	10899.5	10342.25	1794	10935	11025	10101.75	664.75	1046.5	9325	9203.5	7341.75	7297	745.5	863.75	9092.5	8893.25	7352.5	7415.5
