Vessel Name: DLD1_B18_Cisplatin-Veh_20220429
Metric: DLD1 NuclightRED B18 Count (Per Image)
Cell Type: DLD1 NuclightRED
Passage: 14
Notes: 
Analysis: DLD1 NuclightRED B18

Date Time	Elapsed	B2	C2	D2	E2	F2	G2	B3	C3	D3	E3	F3	G3	B4	C4	D4	E4	F4	G4	B5	C5	D5	E5	F5	G5	B6	C6	D6	E6	F6	G6	B7	C7	D7	E7	F7	G7	B8	C8	D8	E8	F8	G8	B9	C9	D9	E9	F9	G9	B10	C10	D10	E10	F10	G10	B11	C11	D11	E11	F11	G11
2022-04-29 8:00:00 PM	0	838	835	1031	856.5	1067	552.25	848.5	984	1016.75	984	996.5	559	898.5	956.25	1004.5	937.25	817.25	567.25	1008.5	1096	985.75	950	850.75	550.5	1008	994.25	1129.75	931.75	901.25	502	963	1062.75	1162	1018.5	924.75	550.25	912.75	967.75	932.25	953.75	865.75	651.25	974.75	1060.25	911.75	951.75	909.5	603.5	873	991.5	942.25	1014.5	966.5	623.25	830.25	979	867.75	893.5	938.25	624.25
2022-04-29 10:00:00 PM	2	905.5	889.5	1106.25	911	1035.5	598	918.75	1052.5	1095.5	1046	1018	603	972.5	1038.75	1085.75	996.75	826.75	616.75	1083	1198.75	1056.5	1026.5	905	599.75	1077	1082	1208.25	990.75	976.5	536.5	1033.75	1130.5	1256.25	1076.25	992.25	599.75	1001.5	1053.25	998.25	994.25	936	694.5	1054.5	1146.25	973	998	989.5	643.75	934.75	1083.25	1021.5	1082.75	1044.25	662	882.75	1038.25	930	961.25	1006	680.5
2022-04-30 12:00:00 AM	4	921.5	928.75	1145.25	945.5	1031.75	609	964.75	1109	1125.5	1067.75	1033.25	633.5	1003.5	1076.25	1128	1030.75	828.5	641.25	1117	1224.25	1105.25	1058	923.75	622.75	1125.25	1113	1266.25	1024.25	989.75	566	1087.25	1182.75	1300	1088.5	1049.75	617.5	1033.5	1097.25	1027.75	1025.5	984.75	720	1089.75	1191.5	1014.25	1026.5	1031.75	681.75	971	1118.5	1065.25	1112	1081.75	688.75	929.25	1090.75	956.5	1003	1038.25	719.5
2022-04-30 2:00:00 AM	6	980.25	978	1200.25	974	1024.75	640.75	1012.5	1153.75	1178	1109.25	1042	659.5	1057.75	1134.75	1167.5	1055.75	843.5	671.25	1180	1284	1151.75	1076.75	937.5	645	1176	1171	1321.25	1052	1003.75	593.5	1147.5	1241.25	1354.75	1114.5	1097	633.75	1078	1149	1078.25	1034	1033	759.75	1149.25	1249	1063.25	1048.75	1087.75	706	1017.75	1180.5	1104	1141.25	1132.5	722.25	979	1138.25	1011.25	1027	1113	743.75
2022-04-30 4:00:00 AM	8	1023.75	1026.5	1263	1006	1017.5	676.25	1070	1214.25	1234.75	1129.25	1038.5	700	1121	1184.75	1227.75	1085.5	843	701	1233	1348.5	1214.75	1110	948.75	683.75	1243	1215	1357.5	1085.25	1005.5	625	1204.75	1292.25	1404	1123	1146.25	680.75	1149.25	1200.75	1101.5	1045.75	1082.75	807.5	1219.75	1314.5	1092.75	1051.5	1148.75	743.75	1071.75	1256.5	1162.25	1160.5	1202.25	764.5	1029.25	1215.5	1051.5	1047.75	1172.25	779.25
2022-04-30 6:00:00 AM	10	1081.25	1083.5	1322	1037.5	1014.5	712.25	1144	1299.25	1294.75	1149	1037.75	747	1195	1257.75	1277.75	1105.75	851	742.75	1343.75	1430.5	1259.5	1134	956.5	725	1329.5	1296.75	1454	1106	1014	672.75	1280.75	1382.25	1464	1131	1215.25	723.75	1214.25	1265.5	1151.5	1065.5	1148.25	844.5	1273.5	1411	1135	1066.75	1234.5	794.75	1135	1325	1200	1171.25	1284.25	813.5	1076.75	1283.75	1092	1066.5	1246.75	825
2022-04-30 8:00:00 AM	12	1171	1173.5	1391.25	1066.25	1028	790.25	1238	1392.5	1387	1171.5	1046.5	798	1271.5	1350.5	1354.5	1126.75	862	794.25	1452.75	1542.5	1325.5	1159	959	782	1422.5	1400.25	1537.25	1133.25	1023	727	1401.25	1472.5	1532	1137.75	1315.5	772.25	1295	1344.25	1201.25	1077.25	1227.25	927.5	1390.25	1490.75	1183.5	1077.25	1317.25	861	1223.5	1399.5	1241.5	1178.75	1397.5	869.5	1173.75	1380.75	1140	1073.75	1347.75	906
2022-04-30 10:00:00 AM	14	1284.25	1269.75	1484.25	1096.25	1022.25	859.75	1363	1521.5	1476.5	1189.25	1055.5	880.75	1396.5	1482.75	1441	1152	861.5	869	1561.25	1703.25	1421.75	1187.75	960.75	856.25	1565	1521.75	1632.25	1158.75	1024.5	785	1526.75	1617	1592.75	1145.5	1434	859.75	1417.25	1482.25	1239.25	1081.5	1353.5	1038.5	1500.75	1626.5	1249.5	1085.25	1453.25	938	1344.25	1539.25	1319.5	1199.75	1516.75	955.25	1303.5	1502	1196.75	1082.25	1480.75	991.75
2022-04-30 12:00:00 PM	16	1442.5	1403.5	1601	1120.75	1028.25	934	1481.75	1664	1620	1223.5	1071	962	1525.5	1629.25	1552.25	1182.25	865	953.25	1749	1852.25	1529.75	1201.75	962	962	1730.5	1679.75	1783	1181.5	1025.5	847	1682.75	1748.25	1687	1156.5	1583.5	942.75	1565.5	1582.5	1287.75	1086.5	1500.5	1134.5	1652.75	1777.25	1313.25	1095.5	1592.5	1047.5	1465.75	1698.75	1380	1212.25	1693	1047	1430.75	1658.5	1267.25	1080.25	1615.75	1093.75
2022-04-30 2:00:00 PM	18	1566.75	1559	1756.5	1156.5	1029.5	1027	1607.25	1835.25	1754.75	1245.25	1076.5	1048	1682.25	1775.75	1690.5	1226.5	878.75	1050.75	1891.25	2038.5	1632.5	1239	974	1009.5	1904.5	1819	1930.5	1219.25	1030.25	945	1834.25	1930.5	1785	1159.5	1741.75	1033.25	1710.25	1741.75	1358	1090.5	1654.25	1238.5	1799.75	1952	1389.75	1104	1725.25	1141	1615.25	1841.75	1468.75	1213.25	1829.75	1155	1544.5	1792	1342	1087	1778	1193
2022-04-30 4:00:00 PM	20	1720.25	1676.5	1929.25	1181.75	1026.75	1111	1747	1959.25	1892.25	1296.25	1092.75	1123.25	1838	1930.5	1838	1254.5	874	1135	2017.5	2218	1775.25	1263.25	971.5	1103.25	2071.75	2005	2064.5	1248.75	1037.25	1015.75	1974.5	2089	1897	1176.5	1889.75	1124.75	1845	1893.75	1445.75	1112.25	1753.5	1341.25	1961	2123.75	1483.5	1105.5	1854.25	1237.75	1727.5	1980	1549.5	1219	1977.25	1246.25	1669	1912.5	1449	1106.75	1899.25	1285.5
2022-04-30 6:00:00 PM	22	1807.5	1782.5	2048	1239.5	1022	1167.5	1843	2106.25	2030	1353.75	1088	1205.5	1917.75	2049	1954.25	1281	890.5	1204.25	2146.5	2332	1892.5	1317	982	1177.5	2186.75	2124.25	2223.5	1288.75	1042.5	1095.75	2118.5	2221.5	2039.25	1182	2018.5	1177	1958.25	2017.25	1536	1108.5	1854.25	1413.75	2079.5	2261.25	1575	1118.75	2000.5	1317	1873.25	2104.5	1671	1225.75	2105.75	1335.75	1773.75	2026.5	1533.75	1110.5	2036	1392.25
2022-04-30 8:00:00 PM	24	1904	1871.25	2152	1293.5	1024	1227.25	1948.5	2195.25	2133.75	1394.25	1099	1272.75	2064	2162.75	2073.25	1338.5	896	1283.25	2295	2471.25	2000.75	1351.5	995	1247.25	2321	2245.25	2363.75	1312	1049	1150.25	2252.5	2343.75	2153	1182.25	2149.5	1253	2069	2146.5	1633.75	1113.75	1987.5	1509.5	2200.75	2375.25	1677	1121	2116	1410	1998	2229.5	1772.75	1239.75	2219.75	1411.5	1861.5	2177.75	1624.75	1116.25	2152	1449.25
2022-04-30 10:00:00 PM	26	1980	1978	2234	1322.5	1020.5	1320.25	2106	2358.5	2246.5	1443.5	1110.75	1370.25	2193.75	2332.25	2180	1372	909.5	1380	2431.5	2629	2114.5	1409.75	1009.25	1327	2457.5	2361.5	2466.25	1357.5	1061.75	1217.5	2371.5	2462.75	2258.25	1196	2262	1352.25	2201.5	2314	1705.5	1119	2134	1620.25	2346	2472.5	1783	1141.5	2273.5	1500.25	2086.75	2355	1873.75	1253.75	2378.25	1511.75	1994.75	2298	1702.5	1133.5	2324.25	1560.75
2022-05-01 12:00:00 AM	28	2159.75	2125.25	2366	1375	1027.25	1421.25	2242.5	2515.5	2358.25	1492.25	1124	1475.25	2365	2508.25	2316.25	1431.25	914.75	1474.5	2633.25	2827.25	2252.75	1443.75	1016.75	1447	2620.75	2537	2609.5	1402.75	1065.25	1317.5	2581.5	2611.5	2385	1205.5	2433.75	1427.5	2352.5	2437.5	1807	1131.25	2262.25	1742.25	2514.5	2643	1873	1150	2444.25	1633.5	2238.75	2515.5	1971	1271.25	2563.25	1631.75	2131	2439	1810	1148.75	2503	1665
2022-05-01 2:00:00 AM	30	2351.5	2299.75	2527.25	1448	1029.75	1558	2420	2736.25	2504.5	1546.5	1131.5	1604.5	2565.5	2657.25	2472	1477.25	921.25	1592.25	2897.75	3029	2390.25	1506.75	1022.5	1571.75	2858.25	2706.5	2754.75	1450.25	1068.75	1421.25	2736.25	2791.75	2480.5	1213.5	2680	1560.5	2532.25	2627.25	1891.75	1139.25	2476.75	1912.75	2713.75	2823.75	1948.5	1155.75	2654.75	1762.5	2459	2671	2054.75	1285.5	2758.25	1768.25	2341	2647	1905.5	1168	2703.75	1835
2022-05-01 4:00:00 AM	32	2554.75	2493.5	2695.75	1506	1024.75	1709.75	2661.75	2940	2693.5	1597	1150	1732.25	2781.5	2891.5	2642	1527	921.25	1734.75	3093.25	3316.5	2558.75	1548.25	1035.5	1696.5	3104.25	2964.5	2938.75	1504.25	1087.25	1534.25	2997.5	3052.75	2558.75	1222	2902.75	1709.75	2789.75	2847	1987.25	1140.75	2703.75	2087.75	2938.5	3044	2061.25	1167	2879.75	1951.25	2675.25	2928.25	2186.75	1294.75	3023.25	1911	2580	2865	2012	1172	2968.5	1991.5
2022-05-01 6:00:00 AM	34	2786.75	2723.5	2890.75	1559	1036.25	1853.5	2864	3222	2898.5	1640.75	1145	1890.5	3007	3131.25	2798	1585.5	931.5	1898	3367.75	3605	2747.25	1633	1050.25	1859	3381.75	3222	3185	1542.75	1104.5	1719.25	3253	3323.5	2708.5	1226.75	3153.75	1894.5	3017	3041	2084.75	1160.5	2976.5	2282.5	3191.25	3331.5	2178.25	1184.75	3164.5	2134.5	2905.75	3185	2323.25	1312.25	3285.5	2116.5	2774.75	3121	2164.5	1190.25	3226.5	2162.25
2022-05-01 8:00:00 AM	36	3025.5	2959.25	3171	1620.5	1027	2022	3095.25	3544.5	3195	1706.75	1148.25	2057	3274.75	3402.75	3032.75	1645	929	2036.25	3630.5	3848.75	2998.5	1677.25	1053	1999.5	3650.5	3506.5	3468.5	1603.5	1105	1860.5	3532.25	3647.25	2867.5	1238.5	3425.25	2072	3292.25	3308.5	2214	1165	3218.25	2462	3480.75	3638.25	2317.25	1189.25	3429.75	2302.25	3150.25	3448.25	2472.25	1336.75	3515.25	2296.25	3047	3385	2275	1199.25	3575.25	2349.75
2022-05-01 10:00:00 AM	38	3259.25	3178.75	3423.75	1677.25	1038.5	2153.75	3290.75	3795.25	3448.5	1759.75	1145.5	2212.75	3487.75	3676	3313	1704.5	936	2218	3865	4128.75	3232.75	1727.75	1055.75	2165.25	3913.25	3775.75	3706.25	1670	1123	2008.25	3806.25	3887.25	3060.5	1259.25	3710.5	2245.5	3586.5	3585.25	2337.5	1174.75	3465.25	2625.5	3742.25	3891.5	2499.75	1213	3733	2468	3394	3696	2616.5	1355.75	3855.75	2453.5	3215.75	3616.25	2458	1229.75	3849.5	2533.5
2022-05-01 12:00:00 PM	40	3426.5	3378.5	3660	1730.25	1031.25	2302.25	3515.5	4050.5	3693.25	1831	1163.25	2370.5	3771	3892.5	3580.75	1776.5	933.5	2364.25	4183.75	4374.25	3466.5	1795.5	1077.75	2310	4182.75	4170.25	4004.5	1733.5	1128.75	2144.25	4046.5	4135	3299	1269	3969.5	2392.25	3808	3849.5	2522.5	1194.25	3692	2779	3971	4161	2660	1212.75	3976.25	2626.25	3619.75	4008.75	2820.25	1374.5	4038	2660.75	3408.25	3902.25	2626.25	1241	4055.75	2735.25
2022-05-01 2:00:00 PM	42	3636.5	3547.5	3908.5	1798.5	1029	2426.5	3766.75	4259.5	3939	1889.25	1153.25	2534	4032	4149.5	3812.5	1833	911.5	2535.75	4674.5	4770.25	3714	1854.5	1066.5	2460.25	4502.75	4377	4274.25	1794	1133.75	2336.5	4315	4433.25	3495.25	1272.5	4180.25	2574.75	4080	4090.5	2691.25	1200	3983.5	3047.75	4204.25	4479.25	2856.75	1244.25	4293.25	2786.75	3885.25	4301	3033.25	1395.75	4380	2879.5	3691.5	4226	2841	1269.25	4333.25	2926.75
2022-05-01 4:00:00 PM	44	3839.75	3805.75	4158.5	1886.25	1024.5	2612.25	4030	4542.25	4213.75	1968.75	1135.25	2713	4415.25	4536.75	4055.75	1914	907	2750.75	4790.25	5117.5	3964.75	1930.75	1076.25	2651	4752	4679.75	4535.5	1858.5	1145.5	2503	4741	4835	3746.5	1301.75	4517.75	2748.25	4414.75	4379.25	2874.25	1222.5	4258.75	3318.25	4703.5	4851	3063	1266.5	4593	3002.5	4268	4563	3258.75	1430.75	4711.75	3060.75	3955	4459.75	3032.5	1281.25	4793.75	3139.25
2022-05-01 6:00:00 PM	46	4247.25	4130.5	4397.25	1984.25	1022.5	2830	4343.5	4897.75	4435.75	2046.5	1139.5	2928.25	4793.5	4857	4305.5	1983	917	2943.75	5226	5432.5	4239.5	2012	1066.5	2835	5093.5	5003.75	4794.25	1915	1143	2708.75	5016.75	5087	3976.5	1305	4753	2984	4741.25	4636.5	3071.5	1230.5	4546.75	3541.75	4958.75	5155.5	3262.5	1280.75	5067	3272.5	4528.25	4813.5	3490.25	1442.5	5015	3267.25	4288.75	4814.5	3234.5	1296.75	5155.75	3376.75
2022-05-01 8:00:00 PM	48	4564.5	4452.75	4715	2069	1014.5	3086.25	4751.75	5291.5	4727.75	2141.75	1148.25	3146	5046	5136.75	4596.75	2074.75	910.75	3199.75	5555.5	5729	4537.25	2100	1074.25	3088.75	5446.25	5278.25	5040.5	2003.75	1152.5	2912	5315.75	5352.75	4196.5	1325.75	5120	3251.75	5122.75	5154.25	3242.25	1266.75	4986	3841.5	5245.75	5470.5	3473.25	1300.5	5378.75	3529	4889	5242.5	3731.25	1486.75	5409.5	3498.25	4659	5117.75	3444.25	1336.25	5462.5	3702.5
2022-05-01 10:00:00 PM	50	4900	4937.75	5018.5	2167.75	1011.25	3364	5026	5591	5050.25	2241.5	1140.75	3430.75	5457.5	5461.5	4877.5	2178	927	3440.75	5912.25	6010.5	4879.25	2181.75	1059.5	3402	5779.25	5641.5	5303.5	2106.5	1147	3089	5588.25	5716.25	4460.25	1351.5	5435	3518.75	5402.25	5355.5	3470.5	1280	5350.5	4096	5567	5763.5	3687	1309.75	5687.75	3858.25	5225	5489.25	3965.75	1526.25	5680	3807.5	5037.25	5495.25	3675.5	1382.5	5741.25	3998.75
2022-05-02 12:00:00 AM	52	5232	5379.25	5335	2279.75	1011.25	3678	5328	5935.25	5412	2362.25	1140.25	3675	5788	5821	5223.25	2276.75	906.75	3710.75	6246	6316	5172.25	2286	1074.5	3654.25	6076.25	5984	5652.25	2208	1138.75	3366.5	5907.25	6033.5	4748.75	1375	5811	3793.75	5707	5679.5	3699.25	1317.25	5607.5	4395	5883	6103.25	3935.75	1342.75	5946.25	4164	5492	5869.25	4238.25	1541	6017.5	4106.75	5394.25	5865.5	3945.5	1405.75	6060.75	4381
2022-05-02 2:00:00 AM	54	5641.75	5679.5	5740.25	2404	1016.75	3924	5672	6245.25	5779.5	2456	1106.5	3996.25	6083.5	6175.75	5575.75	2383.5	908.5	3976.25	6535.5	6668.75	5478.5	2400.75	1080.25	3896.5	6410.25	6278.25	5990.5	2300.25	1130.25	3650	6277.5	6362.5	5025.5	1377.75	6158.5	4047	5963	5968.25	3922.75	1338.75	5942.25	4698	6199.75	6388.25	4253.25	1383.75	6259.25	4487	5839.25	6279	4518.25	1578.5	6302.75	4499	5755.75	6162	4247	1436.5	6356.25	4663
2022-05-02 4:00:00 AM	56	5862.5	6072	6051	2521.25	977.5	4192.25	5905.25	6527.75	6109.25	2558.5	1100.25	4290.75	6402.5	6451.75	5969.75	2500.5	912.75	4209.75	6782.25	6972.5	5753.5	2497.25	1068.75	4231	6660.5	6617.5	6351.5	2409.5	1134.25	3854	6515.25	6654	5378.75	1415	6432.5	4266.75	6240	6280.5	4245.75	1370.25	6214	4995.75	6507.25	6683.75	4571.75	1402.25	6503.25	4924.5	6150.5	6471	4770	1623.25	6644.75	4766.25	6078.5	6441.75	4527.75	1496	6644.5	5060
2022-05-02 6:00:00 AM	58	6188.25	6281.25	6372.25	2628.5	987.25	4410.25	6182.5	6829	6448.25	2672.25	1116.75	4632.25	6646	6748.25	6375.5	2634.25	902.75	4516	7108.75	7263.75	6093.25	2583.75	1083.25	4532	6969.25	6911.25	6671	2502	1121.5	4092	6792.75	6944.75	5727	1440	6750	4508.5	6578.25	6589.5	4574.25	1401.75	6482.5	5334.5	6784.25	6987.75	4880	1437	6783.75	5187	6446.75	6819	5098.75	1647.25	6916.25	5085.25	6345.25	6700	4854.75	1533.5	6907	5293.5
2022-05-02 8:00:00 AM	60	6433	6485.25	6733.5	2762	982.25	4693	6491.25	7078.5	6741.5	2790.5	1113.5	4894.75	6881.5	6993.75	6559	2748	899.5	4771.5	7375.75	7568	6439	2734	1062	4801.5	7246.75	7172.75	7017.75	2603.25	1130.25	4410.5	7132.25	7313.75	6044.25	1461.25	6911.5	4836	6876.25	6926	4852	1432.25	6791.5	5570	7090.5	7301.5	5204.25	1456	7065.5	5464.25	6701	7072.25	5442.5	1692.5	7181.75	5406.75	6632.5	7013.5	5165.5	1586	7169	5517.5
2022-05-02 10:00:00 AM	62	6806.75	6738.5	6984.5	2872.25	972.75	4972.5	6806.25	7393	7044.75	2903.25	1105.75	5172.75	7254	7283	6892.5	2880	896.25	5181	7642	7827	6748.25	2868	1063.5	5125.25	7548	7457.5	7286.75	2731	1124.25	4647.5	7425.25	7570.25	6351	1501.25	7250	5203.5	7167.25	7201.5	5136.25	1466.75	7085.5	5925.25	7366.25	7602.75	5543.25	1483.5	7381	5774.25	6956.75	7335	5791	1730.25	7505.25	5637.25	6866.75	7263	5482	1628.75	7458	5757.75
2022-05-02 12:00:00 PM	64	7063.75	7082.75	7313.5	3014.5	974.5	5268	7107	7706.25	7359	3059.25	1086	5501	7587	7658.5	7198.75	3021.5	888.5	5432.25	7990.75	8160.5	7083.5	3003.5	1063.75	5394.5	7828.5	7750	7571.5	2859	1105.75	4925	7749	7887.5	6728.25	1521	7592	5473.25	7454.25	7519.5	5441	1494	7353	6276.75	7736.25	7934.75	5790.75	1546.25	7687.25	6066.5	7306.5	7642	6048.75	1746.25	7790.5	5969.75	7112	7606	5763.75	1668.25	7739.5	6002
2022-05-02 2:00:00 PM	66	7432	7405.5	7596.5	3161	956	5643.5	7425.25	8051	7675.25	3194.75	1061.75	5769.75	7902.25	8000.5	7463.5	3130	892.5	5769.75	8329	8463	7327	3105.25	1041.25	5802.5	8174	8052	7876.75	2980	1114	5275.75	8072.75	8236.75	7037.5	1559.25	7958.75	5850.25	7786	7878	5751.75	1530	7701.25	6627	8022.25	8213.75	6076	1550	8009.5	6429.25	7638.75	7985	6386.75	1802	8110.75	6409.75	7442	7926	6103.5	1717.75	8100	6344
2022-05-02 4:00:00 PM	68	7785.75	7716.75	7868.75	3302.5	962.25	5989.25	7785	8395.5	8006.75	3308	1068	6089.75	8208	8269	7752.75	3314.75	879.75	6094	8638	8818	7700.75	3259.25	1023.75	6090.5	8498.25	8398.75	8161.25	3099	1084.75	5576.75	8355.5	8561.5	7248.75	1580.25	8256.75	6284	8117	8187	6006	1556.75	8056	6958.75	8302.5	8553	6361.75	1592.25	8322.25	6791	7967.5	8326.75	6710.75	1870.75	8453.25	6698	7772.25	8271.25	6417.5	1742.5	8413.5	6691.75
2022-05-02 6:00:00 PM	70	8088.25	8052.75	8231	3444	942.75	6364.25	8133.5	8690	8299.25	3449.5	1047.25	6415.5	8483.5	8613	8089.5	3459.5	865	6418	8923.25	9124.5	8024.25	3386.5	1029.25	6403.25	8810.75	8680.25	8475.5	3226.5	1068.5	6004.5	8689.25	8803	7539	1644.75	8607	6582.25	8453	8525.5	6349.5	1605.5	8427.75	7276	8621	8867	6718.75	1624	8654.5	7089.25	8304.75	8642.5	7040.25	1879.25	8771.5	7037	8060	8584.5	6746.75	1784.5	8746.75	7029.75
2022-05-02 8:00:00 PM	72	8365	8402.5	8541.75	3607.5	930	6703.5	8419	8973	8605	3608.25	1026.75	6775.5	8860.25	8910	8394.75	3574.75	853	6710.25	9219	9397.75	8298.5	3499.75	1008.75	6685.75	9096.5	8956.25	8809.75	3377.75	1050	6330	8973.5	9113	7837.5	1680	8892	6934.25	8754.75	8760.25	6702.75	1647.75	8743.5	7622.75	8920.5	9167.75	7060.75	1680.75	8923.25	7453.5	8609.25	8901	7330	1946.5	9051	7350	8304	8905.25	7101.75	1819.75	9032.75	7353.75
2022-05-02 10:00:00 PM	74	8679	8696.5	8856.5	3771.75	924.25	6985.75	8702.25	9234.5	8910	3761.75	1035	7070.25	9097.5	9176.25	8755.5	3723	857	7024.5	9499	9720.5	8609.75	3666.75	1007.5	6996	9348.25	9217.5	9083.75	3502	1047.25	6619.75	9227	9376.5	8095	1738	9194.25	7231	9073.25	9057.5	7005.25	1661.75	8981.75	7863.25	9218	9417.75	7388.25	1696.25	9203.25	7756	8889.5	9167.5	7597	1982	9312	7629.75	8618	9152.5	7373	1855.25	9317.25	7629
2022-05-03 12:00:00 AM	76	8919.5	8952.5	9171.75	3935.25	926.5	7240	8935.5	9543.25	9199.25	3885.5	1020.75	7369.25	9315.75	9457.75	9001.5	3884.25	843.75	7352.5	9690.75	9924.25	8892	3779.5	999.5	7233.25	9642.25	9489	9333.75	3674.5	1036	6916.25	9471.75	9691.5	8320.75	1749.5	9491.25	7489.75	9315.75	9296.25	7292.25	1694.75	9261.5	8080.25	9496.5	9645.25	7682.25	1706.75	9466	8007.75	9146.5	9440.75	7867.25	2055.25	9609.5	7903.5	8901.75	9352.75	7697	1923	9565.5	7935
2022-05-03 2:00:00 AM	78	9158.5	9218	9387.25	4089.5	908.75	7496.5	9132	9765	9450.75	4050.75	1019.75	7656.75	9606.5	9682.75	9280.5	4038	842.75	7669.75	9949.25	10114.75	9104.75	3906.75	965.25	7504.25	9897.75	9743.25	9639.25	3810.25	1041.75	7228.5	9708	9900.75	8573.25	1786.75	9713	7796.75	9596.5	9640.75	7573	1765	9538.5	8397.5	9725.25	9901	8017.75	1760.25	9704.75	8281	9409.75	9656.25	8130.25	2074.75	9853.5	8154.75	9116.25	9589	7935.5	1926	9815.5	8218.25
2022-05-03 4:00:00 AM	80	9370.75	9433.25	9592.5	4191.75	902.25	7782	9374.5	9959	9631.25	4144.75	996.5	7954.25	9826.5	9871	9536.25	4146	828.25	7955.75	10150.75	10326.75	9363.25	4049	974.5	7770.5	10137	9978.75	9798	3910.5	1028.25	7484.5	9871.75	10144	8823.75	1824	9928	8068.25	9801	9833.75	7843.75	1789.75	9701	8679	9912.5	10047.75	8291.75	1794.5	9960.75	8556.75	9617.25	9875.75	8333.75	2112.75	10049	8446.25	9366.75	9800.75	8146	1959.75	10035.5	8468.75
2022-05-03 6:00:00 AM	82	9616.5	9626.75	9812	4339	893	8051.5	9547	10142.5	9844	4269.75	988	8212.75	10009	10093.75	9749.5	4304.25	808.25	8213.25	10371.75	10563.25	9623.25	4183.75	970.25	8022.75	10297.5	10203	10022.25	4012.75	1018.25	7751.5	10130.5	10377.5	8993.5	1851.75	10130.25	8296.75	9976.25	10009.5	7998.25	1817	9923.75	8918.75	10136	10251.5	8461.75	1829.5	10166.75	8839.75	9847.25	10005.75	8563.25	2176.5	10221.5	8717.75	9565.75	10016.25	8335.75	2004.25	10209.5	8696.5
2022-05-03 8:00:00 AM	84	9796.5	9830	9998	4456.5	885.25	8328.5	9749	10331	10070.25	4367.75	978	8450.25	10205	10234.5	9983.25	4450.75	800	8490.75	10477.25	10711.25	9819.25	4279.5	955.75	8293	10466	10350.25	10161.25	4085.5	992.25	8053.5	10276.75	10575.75	9203	1895.25	10306	8558.5	10207.25	10223	8236.25	1821	10171.75	9224	10307	10453.25	8676.25	1873	10381.25	9109.25	10001.5	10176	8766.5	2220	10444.25	8942.75	9725	10174.5	8524.75	2060.75	10454	8936.5
2022-05-03 10:00:00 AM	86	9985.25	10068	10204.75	4562.5	870.75	8633.75	9925	10466.5	10209.25	4498.25	972.75	8779.75	10357.25	10449.25	10148	4544.75	788	8820	10675.5	10911.5	9939	4419.25	927	8589	10584.5	10496.5	10374.75	4171	984.5	8325.25	10470.5	10701.75	9346.75	1916.5	10517.75	8781.5	10369.75	10432	8409.75	1862.75	10318.25	9513.25	10500.75	10613	8882.25	1881	10570.5	9353.25	10209	10352	8937.5	2219.75	10617.75	9196.75	9882.5	10350.5	8717.25	2078.5	10627.25	9203
2022-05-03 12:00:00 PM	88	10188.75	10219.5	10384.5	4603.75	868	8912.25	10112.75	10637.25	10348.25	4567.75	966.25	9068	10543.5	10608	10317.5	4642.5	780.5	9069.25	10819	11067.25	10105	4486.25	928.25	8889.5	10765.75	10643	10529.25	4278.75	965.5	8553.25	10645.25	10841.75	9474.75	1932.75	10694	9083.25	10534.5	10625	8575.75	1892.25	10442.25	9770.5	10611	10800.75	9043.25	1899.25	10758	9602	10331.5	10499.75	9099.25	2251	10771.5	9450	10042.25	10511.25	8897.5	2102.75	10750.5	9443
